25.767
17.95
24.571
22.69
19.555
19.427
25.708
26.824
41.316
18.863
18.677
15.409
25.729
23.998
22.584
18.566
22.761
17.812
24.158
21.993
18.528
21.735
20.93
22.034
20.632
20.587
20.277
21.155
21.739
15.908
16.758
20.834
18.994
21.364
19.557
21.249
19.293
22.734
19.172
25.006
27.011
34.666
17.99
20.885
19.709
21.637
20.512
24.675
20.772
24.717
21.813
16.04
22.365
41.393
23.84
18.477
22.038
22.911
27.793
25.681
16.728
26.489
16.926
42.166
21.273
19.866
21.656
25.802
21.047
24.199
26.163
27.765
25.896
37.161
19.318
24.921
19.385
23.484
30.599
24.442
40.385
39.623
40.164
31.991
18.019
21.117
32.618
25.298
20.991
23.756
17.82
18.751
21.717
20.151
19.623
23.898
27.119
16.907
21.144
28.483
20.321
26.672
17.995
24.256
18.482
16.528
20.242
20.98
20.532
18.53
25.014
17.855
21.423
21.258
17.672
29.09
15.486
25.456
22.735
21.131
22.366
19.533
23.147
21.071
17.239
18.554
17.574
18.019
21.096
17.78
19.401
17.941
20.798
18.408
17.806
23.499
24.942
19.523
29.341
15.28
21.814
18.039
22.025
25.32
18.523
17.779
19.297
16.287
17.577
21.708
20.811
23.573
16.486
18.363
20.391
17.569
21.423
21.484
21.155
18.333
24.071
17.633
19.803
14.025
15.298
24.167
19.455
21.385
20.865
17.941
20.68
26.404
16.289
23.8
18.958
25.647
21.503
15.857
22.251
16.397
28.066
17.068
24.38
23.723
17.749
20.386
19.133
19.556
20.706
14.907
21.87
17.57
19.884
19.168
18.58
22.438
18.845
27.51
20.13
19.803
13.463
16.811
16.604
10.948
15.958
11.05
14.966
15.635
12.3
13.131
13.664
16.009
16.923
14.239
15.303
15.756
12.425
15.449
15.278
11.158
10.907
13.932
12.959
15.492
15.648
15.335
11.868
14.631
14.56
13.593
12.358
13.767
14.135
11.548
13.778
16.815
13.031
16.231
16.439
8.946
13.844
11.882
17.297
13.977
16.568
12.389
12.68
17.237
12.462
17.803
14.638
15.89
12.377
13.624
15.673
12.053
12.042
13.445
13.802
14.203
14.062
13.587
14.55
12.743
14.664
13.861
17.272
14.576
11.505
10.955
12.595
13.422
9.786
13.243
13.128
17.729
12.992
9.906
14.071
15.309
12.085
10.837
14.081
11.882
14.469
15.634
16.389
21.064
13.371
16.773
18.323
15.917
16.054
10.128
11.763
10.612
12.506
10.667
11.757
14.725
12.639
16.922
17.697
14.746
15.627
12.12
10.793
19.337
11.815
18.871
15.917
14.282
11.719
15.139
11.804
14.39
18.413
16.208
16.955
13.681
11.841
10.866
11.777
14.311
15.988
14.603
14.905
19.217
14.471
16.694
14.818
14.287
14.172
9.884
14.868
13.008
12.893
19.072
16.673
19.125
14.518
14.448
9.426
12.815
15.504
9.705
15.255
14.537
13.592
14.144
10.806
19.588
12.832
13.149
16.241
14.822
15.206
15.726
14.281
9.338
12.778
12.133
14.917
14.647
13.401
15.444
9.341
13.48
13.563
14.896
13.236
13.877
22.12
15.363
9.205
18.188
29.172
30.912
9.132
4.774
5.976
6.495
4.378
6.577
5.5
11.135
6.03
11.829
7.353
8.667
10.823
3.776
8.377
6.715
8.287
6.794
4.922
5.267
8.423
5.916
7.468
11.056
9.006
6.044
6.516
8.003
6.128
4.845
6.9
7.421
4.175
6.777
5.011
10.137
6.256
5.247
6.426
11.419
5.947
7.491
8.364
8.112
6.007
5.61
5.525
11.08
4.639
6.031
4.056
8.707
7.578
7.999
4.573
8.392
8.722
5.919
5.858
5.783
5.296
6.301
6.082
8.15
6.282
10.785
9.271
7.203
7.991
6.537
11.777
5.684
6.811
8.806
8.895
10.935
6.735
5.386
6.244
3.753
8.577
8.645
6.12
7.929
9.13
9.241
9.417
5.716
5.672
7.432
10.175
6.822
10.637
3.99
7.177
6.137
8.298
9.006
6.381
3.687
10.702
7.712
8.682
8.345
10.853
4.976
8.496
11.155
5.759
5.86
6.273
7.514
8.696
6.118
4.595
6.598
6.872
12.038
4.57
4.24
5.98
4.379
6.84
8.334
10.796
3.539
5.206
5.166
9.341
4.2
8.006
7.851
8.487
6.406
5.389
9.568
6.079
4.661
8.745
6.38
5.815
7.908
4.004
3.981
3.782
9.874
5.702
8.999
11.529
6.458
6.007
6.662
5.094
6.418
7.401
4.246
10.189
6.438
9.117
6.941
7.192
8.19
7.988
7.046
11.961
7.096
3.632
5.224
10.122
4.725
5.495
7.997
6.424
8.204
5.192
5.415
6.644
6.704
3.707
6.088
4.817
5.874
10.92
6.997
7.515
9.35
8.478
9.045
6.185
8.118
10.733
5.786
6.397
5.934
8.236
10.441
8.532
11.236
6.404
6.759
5.6
5.743
5.95
7.102
5.343
7.537
6.046
8.497
6.373
6.802
4.792
4.002
11.916
5.023
5.646
12.014
11.319
6.776
8.546
5.882
8.224
3.452
5.372
10.747
6.58
9.386
7.623
6.701
6.604
5.625
5.229
5.262
7.282
6.235
5.022
9.362
11.344
5.591
6.686
9.277
8.993
8.318
9.369
6.924
6.666
7.548
7.43
7.325
5.358
12.185
5.925
6.34
3.806
6.414
5.871
7.236
6.266
8.712
6.176
5.777
5.352
10.613
11.006
6.325
7.458
7.79
6.115
6.789
6.838
7.039
5.799
4.932
5.847
5.918
8.551
8.265
5.736
6.253
8.35
5.978
5.425
6.026
7.691
6.592
6.982
41.641
6.418
6.805
8.318
6.706
6.449
7.377
9.725
11.038
10.126
11.188
6.83
4.109
7.093
6.331
6.272
7.463
10.693
7.724
8.771
9.582
5.687
8.181
8.5
7.302
6.294
8.024
5.302
5.924
5.415
5.614
8.999
11.229
6.075
5.813
7.521
5.654
5.514
8.045
6.32
6.418
5.079
6.681
11.451
6.165
6.078
7.27
6.033
11.139
6.748
39.584
6.805
7.416
4.323
7.101
6.106
7.135
5.755
11.264
9.983
6.143
4.429
7.919
6.113
4.978
7.478
6.64
11.033
6.042
7.727
6.825
6.196
6.873
8.408
5.436
7.836
6.564
4.149
4.802
6.895
5.076
7.755
8.973
11.496
6.155
10.552
10.125
7.667
7.495
6.231
7.596
7.47
6.808
7.351
10.678
4.53
4.159
6.313
6.463
7.289
5.715
6.6
9.785
5.408
7.218
9.088
7.129
9.929
6.633
9.312
4.203
4.739
6.5
10.805
9.279
7.716
7.768
5.875
6.142
7.043
7.676
4.21
6.035
5.066
5.777
7.651
7.417
5.977
4.872
4.04
5.605
7.463
7.05
9.164
8.087
11.286
6.628
6.48
9.986
6.826
5.253
7.255
11.232
6.266
10.64
8.509
6.597
7.388
8.457
7.087
42.765
8.116
9.166
6.888
7.085
7.905
5.296
5.541
11.511
8.621
5.25
6.839
11.523
7.511
8.367
6.423
5.742
6.3
7.101
7.095
6.781
4.785
7.373
5.293
9.126
5.753
3.888
7.296
10.422
5.35
8.187
4.892
5.372
12.007
5.905
6.002
5.46
9.711
5.547
9.256
7.724
5.882
3.623
10.664
6.028
6.265
5.509
9.078
7.195
11.291
9.063
5.125
7.971
6.992
11.263
6.406
7.74
8.057
5.648
7.123
5.805
8.801
10.9
11.368
12.199
7.518
9.132
7.502
7.033
7.928
6.588
5.733
10.885
5.682
5.4
6.641
6.112
6.852
6.47
8.727
7.06
6.758
5.312
6.051
9.343
11.546
6.927
5.816
5.002
10.387
4.361
5.562
11.931
7.991
9.33
4.399
6.792
6.34
6.556
6.867
5.581
6.346
9.536
5.589
7.438
8.442
12.699
8.294
6.994
6.014
5.79
5.422
7.93
6.015
12.294
5.44
11.738
7.385
4.726
7.624
7.31
4.51
6.157
3.487
3.654
6.32
6.111
5.542
13.388
6.129
7.796
7.762
4.55
6.43
9.374
7.581
6.099
5.803
5.433
5.577
6.147
11.974
11.496
5.326
9.816
4.069
11.322
6.48
6.219
6.417
4.168
7.163
8.721
7.015
6.309
7.694
6.919
9.215
5.323
5.307
6.231
8.128
10.774
5.601
8.403
6.022
6.106
5.659
7.394
8.355
6.704
4.268
6.625
9.018
5.285
7.093
6.408
4.407
9.274
5.623
5.863
8.348
14.233
12.963
13.034
11.765
11.341
10.583
12.55
11.644
11.871
12.444
12.614
9.33
11.252
7.213
5.665
4.768
5.465
5.187
4.527
6.205
4.507
8.242
8.489
6.785
6.024
8.178
9.37
8.119
6.185
6.701
6.884
6.906
7.628
8.434
7.577
3.553
11.061
3.661
8.114
6.41
5.556
6.345
5.717
5.868
5.769
4.808
7.567
7.556
5.876
8.516
11.912
6.865
5.829
10.553
9.064
5.503
9.681
8.328
5.689
6.14
12.174
7.326
12.383
11.471
6.748
8.64
10.393
10.352
6.54
4.407
5.461
4.224
7.49
9.13
5.081
11.254
7.483
6.238
8.485
7.141
6.931
6.042
10.345
10.62
6.17
5.899
6.535
3.948
7.335
5.697
4.502
10.234
8.668
5.053
3.637
7.004
6.405
3.892
4.863
7.008
8.697
5
7.469
7.346
6.335
6.098
5.054
5.212
5.333
4.897
4.362
10.825
4.849
7.151
5.202
7.036
5.675
6.891
10.435
3.463
8.05
5.387
5.759
8.392
11.52
6.863
12.807
7.867
8.234
4.527
4.932
10.307
5.701
5.445
11.631
10.394
4.967
7.504
5.252
6.938
6.852
7.175
7.367
7.078
9.329
6.979
3.564
8.515
8.624
10.501
5.273
7.272
4.8
3.13
3.139
9.758
10.795
6.805
8.016
4.365
7.112
4.361
7.171
5.659
5.333
5.963
5.1
8.093
10.023
8.176
6.193
7.419
7.551
6.009
5.577
5.407
5.533
5.673
11.117
3.896
7.702
5.835
5.526
5.805
11.606
5.989
4.367
6.94
6.758
3.354
5.003
6.49
5.777
7.624
8.569
5.838
6.362
7.992
6.28
6.42
6.22
11.022
6.412
6.774
8.937
5.592
5.686
6.369
7.389
5.29
5.748
11.062
7.323
6.111
8.333
7.809
8.419
5.716
6.141
6.759
6.675
9.306
7.569
7.038
10.327
10.369
8.804
4.871
7.371
6.366
6.66
5.274
10.078
5.451
8.394
7.741
9.019
5.754
7.027
3.905
5.211
6.889
6.007
11.167
11.523
6.157
10.672
5.944
5.312
5.416
6.182
5.499
3.865
5.547
10.5
5.854
6.813
6.816
3.695
6.756
4.692
19.534
5.209
6.72
10.24
6.279
5.717
6.481
6.596
8.485
6.357
8.225
5.62
6.413
5.761
5.049
5.181
6.576
6.07
9.489
6.073
8.416
6.261
7.284
10.003
8.568
6.209
5.958
10.594
8.571
5.731
4.191
10.506
9.922
10.77
5.297
6.377
7.769
5.105
5.357
7.645
5.635
7.696
4.632
3.689
5.903
5.28
5.309
6.02
5.838
6.048
4.572
5.938
7.092
9.1
7.049
10.801
6.455
7.072
8.857
5.159
6.306
8.409
9.255
8.594
5.336
6.036
7.191
10.659
9.032
5.556
8.245
5.604
8.158
9.472
7.339
7.374
5.553
5.548
7.834
6.426
6.827
8.613
5.522
5.744
10.677
10.244
8.949
4.131
10.356
4.991
8.311
5.951
7.204
4.181
7.329
7.27
10.857
5.404
5.897
11.419
9.861
3.403
6.121
4.83
4.233
4.944
10.319
7.522
10.577
8.903
5.882
10.734
6.336
6.448
4.236
5.624
10.746
5.511
5.427
7.602
7.338
7.556
7.16
5.887
10.697
9.412
6.751
3.731
5.417
5.253
7.179
10.466
7.393
5.261
5.566
5.352
7.003
10.653
6.585
7.24
5.497
8.275
4.722
8.911
6.057
7.606
3.69
5.616
6.165
8.869
3.335
7.294
10.842
6.253
6.753
8.378
10.414
10.643
5.985
7.954
10.598
6.438
4.864
5.612
4.881
3.707
9.171
7.928
5.388
6.311
5.04
4.78
5.01
6.968
6.055
5.93
3.273
5.946
5.641
10.601
6.618
7.556
6.226
6.88
5.534
5.403
5.627
10.701
6.5
10.798
8.639
9.343
5.463
7.521
5.835
5.771
5.549
5.715
8.294
6.054
5.077
6.619
5.614
8.318
3.403
5.521
5.514
5.035
5.851
6.889
6.83
5.513
5.198
5.015
3.951
4.197
4.276
4.554
5.747
5.437
11.193
6.328
5.297
5.531
7.8
5.767
5.384
5.587
4.375
5.243
6.623
10.562
9.744
8.223
7.789
4.601
3.615
4.555
3.534
11.921
8.047
5.38
8.166
5.507
6.733
8.818
7.092
9.624
3.669
3.234
5.067
6.801
6.015
5.976
4.939
4.202
5.907
5.649
6.13
10.424
10.399
7.453
21.081
10.126
10.806
10.887
3.776
9.525
6.183
6.376
8.049
5.852
5.157
5.85
7.281
5.147
6.813
5.049
6.533
5.582
10.687
5.658
5.894
5.709
5.236
7.117
5.42
10.079
5.68
9.027
7.254
6.091
7.958
10.695
6.715
4.755
7.795
9.413
4.293
6.17
10.974
5.615
9.288
7.122
6.196
6.332
4.488
8.118
5.286
4.029
6.443
4.065
4.754
5.36
9.798
3.533
3.681
3.47
9.005
5.067
10.281
9.532
10.072
4.511
4.955
4.438
5.335
10.388
7.311
6.648
5.346
7.366
11.004
4.944
8.822
11.496
5.234
5.75
5.739
6.757
6.157
7.628
9.088
11.003
4.071
6.789
5.595
9.78
10.515
10.696
5.557
10.742
8.427
5.742
5.729
7.046
4.644
6.255
8.281
6.508
3.69
9.194
7.293
5.813
10.039
6.376
5.334
6.393
10.238
4.099
7.043
5.458
9.183
4.68
6.915
10.161
10.684
6.27
4.864
10.922
6.753
9.78
5.601
20.767
11.081
5.894
9.197
10.444
9.896
5.887
6.209
9.977
6.949
5.929
5.56
8.476
3.203
6.084
6.537
10.955
6.066
5.748
6.007
10.756
5.966
5.604
3.73
11.14
8.732
10.483
7.888
5.685
10.108
9.954
4.808
8.362
8.706
7.089
5.126
8.672
5.828
6.603
5.883
7.038
5.608
6.181
5.48
9.715
8.11
7.265
4.182
10.227
6.453
19.81
4.157
4.661
10.836
6.504
7.123
6.988
4.581
10.597
5.965
6.601
7.431
7.801
4.532
5.407
8.068
6.898
5.573
7.847
5.706
5.3
6.042
6.902
8.034
4.199
9.726
5.782
5.372
3.665
6.473
9.912
5.268
5.702
5.515
6.59
5.882
9.038
3.786
3.334
6.593
6.107
6.506
5.974
4.506
7.741
7.596
8.638
4.324
4.687
10.849
15.446
6.949
7.448
4.366
4.114
4.226
4.14
4.213
4.355
4.678
9.757
6.956
5.368
6.481
10.543
5.459
8.289
6.665
3.746
5.935
10.077
8.943
7.402
4.362
5.669
6.632
6.463
11.132
6.847
13.016
13.594
11.635
10.323
12.286
11.641
16.531
12.938
13.804
12.731
15.715
10.325
14.067
13.511
12.316
9.953
14.539
11.916
14.955
10.209
8.474
22.333
26.101
24.433
17.755
28.234
22.604
24.512
19.209
23.613
23.571
20.351
26.95
24.425
24.189
26.794
21.052
22.308
28.454
23.793
15.738
